# zone viewfactors and MRT sensor definition of one_bed_600
# defined in ../zones/one_bed_600.vwf
*VIEWFACTORS
*GEOM  ../zones/one_bed_600.geo
   2  12   4    # no sensors, zone surfs, zone no
# Zone viewfactors follow
 0.00,0.19138,0.0844479,0.19579,0.24311,0.00,0.00,0.0281831,0.00,0.0210886,0.0966558,0.13939
 0.11171,0.00,0.13866,0.17147,0.22329,0.0066369,0.0351022,0.0159805,0.0030765,0.0510212,0.0282197,0.21491
 0.0787738,0.21659,0.00,0.15181,0.23204,0.0057693,0.0330389,0.00,0.00,0.0196345,0.0079024,0.25446
 0.11474,0.17159,0.0923841,0.00,0.24629,0.0064328,0.0361034,0.0644984,0.00,0.0171124,0.0288806,0.22208
 0.10745,0.16830,0.11216,0.18458,0.00,0.0064339,0.0374126,0.0404007,0.0903608,0.00,0.0314722,0.22150
 0.00,0.16690,0.10274,0.17309,0.23344,0.00,0.00,0.0315164,0.00,0.0212120,0.0788557,0.19233
 0.00,0.16700,0.10131,0.17199,0.23587,0.00,0.00,0.0312044,0.00,0.0214035,0.0590759,0.21220
 0.0827046,0.0840204,0.00,0.31847,0.27066,0.0059385,0.0318343,0.00,0.00,0.0104359,0.0097807,0.18633
 0.0280666,0.12973,0.0196263,0.0307420,0.78396,0.0009996,0.0019450,0.0050303,0.00,0.00,0.00,0.00
 0.0511073,0.22121,0.0647141,0.0828843,0.00,0.0040344,0.0292386,0.0081870,0.00,0.00,0.0417586,0.49694
 0.31363,0.15136,0.0298007,0.15499,0.22491,0.0152447,0.0652616,0.0110220,0.00,0.0339111,0.00,0.00
 0.0734111,0.18777,0.14328,0.19347,0.25743,0.0059043,0.0392531,0.0321418,0.00,0.0673866,0.00,0.00
 sum over row  1 is :   1.0000454187
 sum over row  2 is :   1.0000770092
 sum over row  3 is :   1.0000188351
 sum over row  4 is :   1.0001116991
 sum over row  5 is :   1.0000702143
 sum over row  6 is :   1.0000840425
 sum over row  7 is :   1.0000537634
 sum over row  8 is :   1.0001744032
 sum over row  9 is :   1.0000998974
 sum over row 10 is :   1.0000742674
 sum over row 11 is :   1.0001301765
 sum over row 12 is :   1.0000469685
*MRT_SENSOR
# OK, Xorig, Yorig, Zorig,   DX,    DY,    DZ,   rot,  name
   1  6.400  2.000  1.000  0.300  0.300  0.500    0.0  head     # sensor  1
*MRTVIEW
 0.23500,0.26776,0.00,0.0421711,0.0329120,0.0092229,0.10332,0.00,0.00,0.16969,0.0398549,0.10016
 0.0055117,0.83486,0.0056085,0.00,0.0029884,0.00,0.00,0.00,0.00,0.12493,0.0005812,0.0256129
 0.00,0.28301,0.32649,0.0448452,0.10320,0.00,0.00,0.0262052,0.00,0.0767990,0.00,0.13954
 0.0557066,0.00,0.0757321,0.25995,0.0326522,0.0064390,0.0414001,0.0366687,0.00,0.26793,0.0136063,0.21001
 0.0272915,0.25531,0.0364315,0.0215116,0.00,0.0012497,0.0087621,0.0008718,0.00,0.00,0.0279466,0.62071
 0.0024216,0.0178553,0.0098323,0.0021310,0.00,0.0000969,0.0024216,0.0017364,0.00,0.96359,0.00,0.00
   1  5.400  0.600  1.250  0.300  0.300  0.500    0.0  head2    # sensor  2
*MRTVIEW
 0.18391,0.0206992,0.00,0.0181950,0.0325296,0.0444002,0.64934,0.00,0.00,0.00,0.0510167,0.00
 0.14881,0.47929,0.0161631,0.00,0.10148,0.0161699,0.0746922,0.00,0.00,0.0212983,0.0394676,0.10272
 0.00,0.14917,0.16133,0.13742,0.15686,0.00,0.00,0.0349822,0.00,0.0955287,0.00,0.26481
 0.12977,0.00,0.0075643,0.41013,0.12585,0.0126726,0.12508,0.0156855,0.00,0.0045168,0.0456805,0.12313
 0.10936,0.0459848,0.0128938,0.0379176,0.00,0.0125810,0.0583222,0.0011624,0.00,0.00,0.21358,0.50829
 0.13385,0.0677989,0.0030948,0.0539080,0.62423,0.0180504,0.0748758,0.0017388,0.00,0.0225458,0.00,0.00
