# zone viewfactors and MRT sensor definition of one_bed_400
# defined in ../zones/one_bed_400.vwf
*VIEWFACTORS
*GEOM  ../zones/one_bed_400.geo
   2  12   1    # no sensors, zone surfs, zone no
# Zone viewfactors follow
 0.00,0.19138,0.0844479,0.19579,0.14538,0.24311,0.00,0.00,0.0281831,0.00,0.0210886,0.0906660
 0.11171,0.00,0.13866,0.17147,0.21880,0.22329,0.0066369,0.0351022,0.0159805,0.0030765,0.0510212,0.0243397
 0.0787738,0.21659,0.00,0.15181,0.23913,0.23204,0.0057693,0.0330389,0.00,0.00,0.0196345,0.0232407
 0.11474,0.17159,0.0923841,0.00,0.17423,0.24629,0.0064328,0.0361034,0.0644984,0.00,0.0171124,0.0767268
 0.0809419,0.20314,0.14346,0.16155,0.00,0.26194,0.0067587,0.0442087,0.0288929,0.00,0.0691504,0.00
 0.10745,0.16830,0.11216,0.18458,0.20706,0.00,0.0064339,0.0374126,0.0404007,0.0903608,0.00,0.0459206
 0.00,0.16690,0.10274,0.17309,0.21163,0.23344,0.00,0.00,0.0315164,0.00,0.0212120,0.0595468
 0.00,0.16700,0.10131,0.17199,0.22482,0.23587,0.00,0.00,0.0312044,0.00,0.0214035,0.0464532
 0.0827046,0.0840204,0.00,0.31847,0.15658,0.27066,0.0059385,0.0318343,0.00,0.00,0.0104359,0.0395413
 0.0280666,0.12973,0.0196263,0.0307420,0.00,0.78396,0.0009996,0.0019450,0.0050303,0.00,0.00,0.00
 0.0511073,0.22121,0.0647141,0.0828843,0.48996,0.00,0.0040344,0.0292386,0.0081870,0.00,0.00,0.0487382
 0.21763,0.10002,0.0563495,0.28486,0.00,0.23210,0.0123229,0.0392177,0.0285096,0.00,0.0290824,0.00
 sum over row  1 is :   1.0000456572
 sum over row  2 is :   1.0000870228
 sum over row  3 is :   1.0000271797
 sum over row  4 is :   1.0001078844
 sum over row  5 is :   1.0000425577
 sum over row  6 is :   1.0000785589
 sum over row  7 is :   1.0000751019
 sum over row  8 is :   1.0000511408
 sum over row  9 is :   1.0001850128
 sum over row 10 is :   1.0000998974
 sum over row 11 is :   1.0000739098
 sum over row 12 is :   1.0000921488
*MRT_SENSOR
# OK, Xorig, Yorig, Zorig,   DX,    DY,    DZ,   rot,  name
   1  2.800  2.000  1.050  0.300  0.300  0.500    0.0  head     # sensor  1
*MRTVIEW
 0.22935,0.27378,0.00,0.0423720,0.12029,0.0481116,0.0091192,0.10639,0.00,0.00,0.14437,0.0263048
 0.0054148,0.86554,0.0055117,0.00,0.0259035,0.0041436,0.00,0.00,0.00,0.00,0.0930920,0.0004843
 0.00,0.28716,0.32099,0.0447579,0.14549,0.11336,0.00,0.00,0.0262052,0.00,0.0591437,0.0029864
 0.0593131,0.00,0.0742020,0.26516,0.20301,0.0396887,0.0054836,0.0416044,0.0366687,0.00,0.24584,0.0291099
 0.0278679,0.24689,0.0364315,0.0186770,0.62584,0.00,0.0018261,0.0076093,0.0008718,0.00,0.00,0.0340796
 0.0078975,0.0386389,0.0228674,0.0059960,0.00,0.0009449,0.0000969,0.0024216,0.0034656,0.00,0.91776,0.00
   1  1.800  0.600  1.250  0.300  0.300  0.500    0.0  head2    # sensor  2
*MRTVIEW
 0.18391,0.0206992,0.00,0.0181950,0.0073616,0.0325296,0.0444002,0.64934,0.00,0.00,0.00,0.0436551
 0.14881,0.47929,0.0161631,0.00,0.11838,0.10148,0.0161699,0.0746922,0.00,0.00,0.0212983,0.0238050
 0.00,0.14917,0.16133,0.13742,0.25405,0.15686,0.00,0.00,0.0349822,0.00,0.0955287,0.0107595
 0.12977,0.00,0.0075643,0.41013,0.11462,0.12585,0.0126726,0.12508,0.0156855,0.00,0.0045168,0.0541882
 0.10936,0.0459848,0.0128938,0.0379176,0.58391,0.00,0.0125810,0.0583222,0.0011624,0.00,0.00,0.13796
 0.13385,0.0677989,0.0030948,0.0539080,0.00,0.62423,0.0180504,0.0748758,0.0017388,0.00,0.0225458,0.00
