grnd_floor
    1       270.0       5.07e-3     2.1
    1       147.5       0.3077      0.65
    1       147.5       0.3077      0.65
    1       150.0       1.15e-4     2.63
    1       35.0        0.0568      1.76
    1       50.0        8.27e-3     2.7
dbl_glz
    1       1.0e-10     1.0         1.0
    1       50.0        8.27e-3     2.7
    1       1.0e-10     1.0         1.0
roof 
    1       147.5       0.3077      0.65
    1       0.0       1.0      1.0
    1       35.0        0.0568      1.76
int_doors
    1       35.0        0.0568      1.76
ext_wall
    1       291.5       0.045       1.58
    1       200.0       1.46e-4     1.59
    1       150.0       1.15e-4     2.63
    1       200.0       1.46e-4     1.59
    1       355.0       0.0161      5.13
ext_part
    1       355.0       0.0161      5.13
    1       112.5       0.0224      2.525
    1       355.0       0.0161      5.13
int_part
    1       355.0       0.0161      5.13
    1       150.0       1.15e-4     2.63
    1       355.0       0.0161      5.13
ceiling
    1       50.0        8.27e-3     2.7
    1       35.0        0.0568      1.76
    1       150.0       1.15e-4     2.63
    1       355.0       0.0161      5.13
upper_flor
    1       355.0       0.0161      5.13
    1       150.0       1.15e-4     2.63
    1       35.0        0.0568      1.76
    1       50.0        8.27e-3     2.7
loft_ceil
    1       50.0        8.27e-3     2.7
    1       35.0        0.0568      1.76
    1       355.0       0.0161      5.13
loft_floor 
    1       355.0       0.0161      5.13
    1       35.0        0.0568      1.76
    1       50.0        8.27e-3     2.7