grnd_floor
    1       4.31e-2      4.56e-5    9.86
    1       6.80e-3      8.21e-5    5.66
    1       6.80e-3      8.21e-5    5.66
    1       0.143        6.45e-8    16.5
    1       1.39e-2      6.58e-4    4.07
    1       0.833        0.0        1.0
dbl_glz
    1       1.0e-10      0.0        1.0
    1       0.833        0.0        1.0
    1       1.0e-10      0.0        1.0
roof
    1       6.80e-3      8.21e-5    5.66
    1       1.0e-20      -1.0       20.0
    1       1.39e-2      6.58e-4    4.07
int_doors
    1       1.39e-2      6.58e-4    4.07
ext_wall
    1       7.69e-2      2.43e-3    3.61    
    1       5.36e-2      4.67e-3    2.79
    1       0.143        6.45e-8    16.5
    1       5.36e-2      4.67e-3    2.79
    1       0.133        7.45e-4    5.10
ext_part
    1       0.133        7.45e-4    5.10
    1       6.76e-2      1.21e-3    3.94
    1       0.133        7.45e-4    5.10
int_part
    1       0.133        7.45e-4    5.10
    1       0.143        6.45e-8    16.5
    1       0.133        7.45e-4    5.10
ceiling
    1       0.833        0.0        1.0
    1       1.39e-2      6.58e-4    4.07
    1       0.143        6.45e-8    16.5
    1       0.133        7.45e-4    5.10
upper_flor
    1       0.133        7.45e-4    5.10
    1       0.143        6.45e-8    16.5
    1       1.39e-2      6.58e-4    4.07
    1       0.833        0.0        1.0
loft_ceil
    1       0.833        0.0        1.0
    1       1.39e-2      6.58e-4    4.07
    1       0.133        7.45e-4    5.10
loft_floor 
    1       0.133        7.45e-4    5.10
    1       1.39e-2      6.58e-4    4.07
    1       0.833        0.0        1.0