# zone viewfactors and MRT sensor definition of coridor
# defined in ../zones/coridor.vwf
*VIEWFACTORS
*GEOM  ../zones/coridor.geo
   0  14   2    # no sensors, zone surfs, zone no
# Zone viewfactors follow
 0.00,0.35709,0.0195099,0.13291,0.13291,0.0007619,0.0009509,0.0019787,0.0046425,0.0043103,0.0331106,0.29239,0.0194659,0.00
 0.0486461,0.00,0.0488782,0.12756,0.12758,0.0657254,0.0267480,0.0280444,0.14866,0.0310352,0.0762057,0.11211,0.15011,0.0088015
 0.0195099,0.35760,0.00,0.13291,0.13291,0.12570,0.15132,0.0110524,0.0509275,0.0030447,0.0020527,0.0021232,0.0097379,0.0011660
 0.0544075,0.38256,0.0549056,0.00,0.12562,0.0357252,0.0221204,0.0216225,0.0791845,0.0218444,0.0398332,0.0746368,0.0805639,0.0070458
 0.0544075,0.38256,0.0549056,0.12562,0.00,0.0407881,0.0170575,0.0216222,0.0791831,0.0218441,0.0454352,0.0690352,0.0805625,0.0070458
 0.0017552,0.60183,0.16088,0.10993,0.12560,0.00,0.00,0.00,0.00,0.00,0.00,0.00,0.00,0.00
 0.0016546,0.43534,0.34432,0.13406,0.0847121,0.00,0.00,0.00,0.00,0.00,0.00,0.00,0.00,0.00
 0.0022278,0.60386,0.0365321,0.17874,0.17874,0.00,0.00,0.00,0.00,0.00,0.00,0.00,0.00,0.00
 0.0034791,0.70892,0.0341907,0.12671,0.12671,0.00,0.00,0.00,0.00,0.00,0.00,0.00,0.00,0.00
 0.0148844,0.61632,0.0067056,0.18109,0.18109,0.00,0.00,0.00,0.00,0.00,0.00,0.00,0.00,0.00
 0.0422339,0.69493,0.0028565,0.12216,0.13782,0.00,0.00,0.00,0.00,0.00,0.00,0.00,0.00,0.00
 0.19806,0.56134,0.0017923,0.12621,0.11266,0.00,0.00,0.00,0.00,0.00,0.00,0.00,0.00,0.00
 0.0128815,0.72293,0.0064846,0.12885,0.12885,0.00,0.00,0.00,0.00,0.00,0.00,0.00,0.00,0.00
 0.0058522,0.70805,0.0121168,0.13699,0.13699,0.00,0.00,0.00,0.00,0.00,0.00,0.00,0.00,0.00
 sum over row  1 is :   1.0000381470
 sum over row  2 is :   1.0001040697
 sum over row  3 is :   1.0000666380
 sum over row  4 is :   1.0000666380
 sum over row  5 is :   1.0000649691
 sum over row  6 is :   0.9999994040
 sum over row  7 is :   1.0000938177
 sum over row  8 is :   1.0000901222
 sum over row  9 is :   0.9999999404
 sum over row 10 is :   1.0000872612
 sum over row 11 is :   1.0000001192
 sum over row 12 is :   1.0000567436
 sum over row 13 is :   1.0000004768
 sum over row 14 is :   0.9999959469
