# zone viewfactors and MRT sensor definition of manager_a
# defined in ../zones/manager_a.vwf
*VIEWFACTORS
*GEOM  ../zones/manager_a.geo
   0  22   1    # no sensors, zone surfs, zone no
# Zone viewfactors follow
 0.00,0.0037075,0.0122748,0.0472785,0.11252,0.0832518,0.0798937,0.0493072,0.17883,0.0152887,0.0057392,0.0053569,0.0677804,0.00,0.00,0.0568463,0.0386146,0.0191216,0.0520530,0.0179482,0.0177345,0.13652
 0.0079690,0.00,0.00,0.0828676,0.0086208,0.0086208,0.0250703,0.0099615,0.0644847,0.00,0.00,0.0072172,0.0352568,0.0224341,0.23618,0.0134284,0.0252597,0.20771,0.0252597,0.20771,0.00,0.0120319
 0.0163927,0.00,0.00,0.24341,0.0132391,0.0124668,0.0276109,0.0104301,0.0688025,0.00,0.00,0.0070280,0.0310119,0.0408454,0.0798847,0.0090418,0.0340509,0.18836,0.0360467,0.17261,0.00,0.0088362
 0.0234779,0.0112961,0.0956489,0.00,0.0088954,0.0086952,0.0104928,0.0040224,0.0321450,0.0640043,0.0835874,0.00,0.00,0.0639332,0.15971,0.00,0.0348083,0.17860,0.0348091,0.17861,0.00,0.0073266
 0.11140,0.0027867,0.0101942,0.0177008,0.00,0.0030059,0.0104492,0.0626234,0.25898,0.0202503,0.0048947,0.0029167,0.0572821,0.0575742,0.0207397,0.11178,0.0587435,0.0567057,0.00,0.00,0.00,0.13205
 0.0832348,0.0027867,0.0101233,0.0173359,0.0029813,0.00,0.24619,0.0124878,0.0141117,0.0202503,0.0049656,0.0026981,0.0414102,0.0414723,0.0201215,0.0832433,0.00,0.00,0.0140068,0.0456252,0.33709,0.00
 0.0888862,0.0080316,0.0234061,0.0234017,0.0123966,0.27215,0.00,0.00,0.00,0.0446178,0.0110401,0.0025355,0.0369586,0.0376538,0.0267618,0.0893660,0.0677414,0.0205289,0.0092622,0.0049658,0.22044,0.00
 0.15681,0.0089488,0.0261942,0.0267551,0.17792,0.0361852,0.00,0.00,0.00,0.0509174,0.0132778,0.0018399,0.0380301,0.0392222,0.0306494,0.15849,0.0317610,0.0278237,0.0471038,0.0289425,0.00,0.0992150
 0.10050,0.0112828,0.0301452,0.0361286,0.14667,0.0078781,0.00,0.00,0.00,0.0580576,0.0149878,0.0038651,0.0677008,0.0686898,0.0395307,0.10130,0.0116277,0.0387872,0.0839368,0.0374887,0.00,0.14150
 0.0102940,0.00,0.00,0.0856815,0.0121704,0.0121704,0.0266051,0.0114842,0.0688994,0.00,0.00,0.0060720,0.0412372,0.0316581,0.24617,0.0164012,0.0371309,0.17445,0.0371307,0.17445,0.00,0.0080680
 0.0120444,0.00,0.00,0.38305,0.0097033,0.0106605,0.0232906,0.0112160,0.0643773,0.00,0.00,0.0039685,0.0091523,0.0378643,0.0511867,0.0047204,0.0305885,0.13724,0.0278018,0.17392,0.00,0.0092771
 0.0371968,0.0129925,0.0313774,0.00,0.0194129,0.0176991,0.0173461,0.0094131,0.0555634,0.0652506,0.0052821,0.00,0.00,0.10176,0.14207,0.00,0.0938205,0.13952,0.0938197,0.13952,0.00,0.0180348
 0.0512768,0.0086711,0.0174653,0.00,0.0426685,0.0304267,0.0253814,0.0096516,0.0889771,0.0455038,0.0041345,0.00,0.00,0.10809,0.10518,0.00,0.14040,0.0618226,0.14088,0.0618227,0.0015950,0.0561296
 0.00,0.0047388,0.0230259,0.0938455,0.0428564,0.0305911,0.0249436,0.0090488,0.0892206,0.0358864,0.0122913,0.0109603,0.10817,0.00,0.00,0.0511727,0.14046,0.0618952,0.14088,0.0618952,0.0017198,0.0564789
 0.00,0.0350895,0.0289695,0.14882,0.0094778,0.0091965,0.0109974,0.0042410,0.0339677,0.17166,0.0084873,0.0108256,0.0656162,0.00,0.00,0.0251685,0.0388439,0.17593,0.0388449,0.17594,0.00,0.0079590
 0.0568036,0.0019255,0.0074502,0.00,0.11250,0.0832894,0.0795614,0.0497061,0.17793,0.0246167,0.0029900,0.00,0.00,0.0676601,0.0531748,0.00,0.0388783,0.0188672,0.0524232,0.0176771,0.0178520,0.13676
 0.0292906,0.0065904,0.0198837,0.0510763,0.0427319,0.00,0.0453523,0.0086183,0.0155515,0.0396497,0.0097882,0.0102957,0.13986,0.14029,0.0619635,0.0287392,0.00,0.00,0.10848,0.10518,0.13672,0.00
 0.0090742,0.0277333,0.0674895,0.16536,0.0258211,0.00,0.0088967,0.0048455,0.0315078,0.12211,0.0276049,0.0094516,0.0385536,0.0388349,0.17585,0.0089893,0.00,0.00,0.0666110,0.15952,0.0118043,0.00
 0.0380775,0.0065904,0.0206893,0.0510756,0.00,0.0104494,0.0062068,0.0119652,0.11073,0.0396490,0.0089827,0.0102957,0.14024,0.14072,0.0619634,0.0378342,0.10815,0.10518,0.00,0.00,0.00,0.0912696
 0.0082844,0.0277331,0.0624171,0.16536,0.00,0.0208485,0.0026289,0.0042505,0.0314618,0.12211,0.0326765,0.0094516,0.0385542,0.0388357,0.17585,0.0082089,0.0666113,0.15952,0.00,0.00,0.00,0.0252555
 0.0655514,0.0013925,0.0012867,0.0036444,0.00,0.36061,0.21445,0.00,0.00,0.0015198,0.0005409,0.0007537,0.0276860,0.0277826,0.0043367,0.0654584,0.19830,0.0267429,0.00,0.00,0.00,0.00
 0.0990840,0.0017649,0.0063770,0.0130976,0.14145,0.00,0.00,0.0337253,0.26709,0.0125756,0.0030016,0.0023453,0.0569761,0.0568407,0.0154143,0.0991911,0.00,0.00,0.13180,0.0593787,0.00,0.00
 sum over row  1 is :   1.0000647306
 sum over row  2 is :   1.0000772476
 sum over row  3 is :   1.0000647306
 sum over row  4 is :   1.0000662804
 sum over row  5 is :   1.0000764132
 sum over row  6 is :   1.0001386404
 sum over row  7 is :   1.0001435280
 sum over row  8 is :   1.0000869036
 sum over row  9 is :   1.0000799894
 sum over row 10 is :   1.0000708103
 sum over row 11 is :   1.0000662804
 sum over row 12 is :   1.0000874996
 sum over row 13 is :   1.0000798702
 sum over row 14 is :   1.0000779629
 sum over row 15 is :   1.0000382662
 sum over row 16 is :   1.0000646114
 sum over row 17 is :   1.0000591278
 sum over row 18 is :   1.0000588894
 sum over row 19 is :   1.0000740290
 sum over row 20 is :   1.0000586510
 sum over row 21 is :   1.0000509024
 sum over row 22 is :   1.0001188517
