# zone viewfactors and MRT sensor definition of reception
# defined in ../zones/reception.vwf
*VIEWFACTORS
*GEOM  ../zones/reception.geo
   0  12   1    # no sensors, zone surfs, zone no
# Zone viewfactors follow
 0.00,0.00,0.00,0.0175584,0.0622740,0.23876,0.16133,0.25341,0.25341,0.00,0.0133415,0.00
 0.00,0.00,0.15351,0.22186,0.0325624,0.00,0.00,0.28535,0.26798,0.0307349,0.0080842,0.00
 0.00,0.15519,0.00,0.20392,0.0569412,0.0163870,0.00,0.24666,0.28219,0.00,0.0114810,0.0273133
 0.0092210,0.10585,0.0925964,0.00,0.0923963,0.0281944,0.0260243,0.29115,0.29115,0.0200246,0.0201760,0.0233255
 0.0763571,0.0327154,0.0569412,0.20369,0.00,0.00,0.0177643,0.28059,0.31524,0.0114810,0.00,0.0053089
 0.23876,0.00,0.0128903,0.0459927,0.00,0.00,0.16256,0.26839,0.26839,0.0031101,0.00,0.00
 0.21577,0.00,0.00,0.0598671,0.0196165,0.21609,0.00,0.24239,0.24239,0.00,0.0039601,0.00
 0.0663970,0.0715849,0.0588709,0.15246,0.0665676,0.0806595,0.0526518,0.00,0.38906,0.0239163,0.0250257,0.0129046
 0.0663971,0.0662500,0.0720936,0.15246,0.0796168,0.0806592,0.0526518,0.38906,0.00,0.0106935,0.0119765,0.0182396
 0.00,0.13508,0.00,0.18294,0.0533140,0.0185439,0.00,0.37833,0.19091,0.00,0.0167156,0.0242601
 0.0704276,0.0372407,0.0533140,0.18395,0.00,0.00,0.0164240,0.39939,0.21762,0.0167156,0.00,0.0050081
 0.00,0.00,0.12191,0.24008,0.0264875,0.00,0.00,0.23645,0.34155,0.0264836,0.0071278,0.00
 sum over row  1 is :   1.0000905991
 sum over row  2 is :   1.0000876188
 sum over row  3 is :   1.0000813007
 sum over row  4 is :   1.0000964403
 sum over row  5 is :   1.0000867844
 sum over row  6 is :   1.0000927448
 sum over row  7 is :   1.0000836849
 sum over row  8 is :   1.0000973940
 sum over row  9 is :   1.0000956059
 sum over row 10 is :   1.0000920296
 sum over row 11 is :   1.0000926256
 sum over row 12 is :   1.0000985861
