# zone viewfactors and MRT sensor definition of coridor
# defined in ../zones/coridor.vwf
*VIEWFACTORS
*GEOM  ../zones/coridor.geo
   0  14   2    # no sensors, zone surfs, zone no
# Zone viewfactors follow
 0.00,0.35673,0.0204546,0.13301,0.13300,0.0011301,0.0005267,0.0016277,0.0048283,0.0056340,0.0328641,0.29155,0.0188779,0.00
 0.0503645,0.00,0.0492844,0.12850,0.12850,0.0656720,0.0269898,0.0247474,0.15090,0.0255140,0.0766310,0.11103,0.15335,0.0085762
 0.0204546,0.35707,0.00,0.13301,0.13300,0.12454,0.15284,0.0121675,0.0494347,0.0012925,0.0019879,0.0022267,0.0101026,0.0020366
 0.0557474,0.38322,0.0558711,0.00,0.12229,0.0357772,0.0212200,0.0233133,0.0792162,0.0229968,0.0396165,0.0737617,0.0808289,0.0063483
 0.0557474,0.38320,0.0558711,0.12229,0.00,0.0408001,0.0161961,0.0233129,0.0792173,0.0229964,0.0444855,0.0688916,0.0808395,0.0063483
 0.0017557,0.60183,0.16088,0.10993,0.12560,0.00,0.00,0.00,0.00,0.00,0.00,0.00,0.00,0.00
 0.0016688,0.43860,0.34472,0.12588,0.0891718,0.00,0.00,0.00,0.00,0.00,0.00,0.00,0.00,0.00
 0.0027788,0.59289,0.0358110,0.18430,0.18429,0.00,0.00,0.00,0.00,0.00,0.00,0.00,0.00,0.00
 0.0034791,0.70892,0.0341906,0.12671,0.12671,0.00,0.00,0.00,0.00,0.00,0.00,0.00,0.00,0.00
 0.0148699,0.60559,0.0066859,0.18646,0.18645,0.00,0.00,0.00,0.00,0.00,0.00,0.00,0.00,0.00
 0.0422339,0.69493,0.0028565,0.12216,0.13782,0.00,0.00,0.00,0.00,0.00,0.00,0.00,0.00,0.00
 0.19963,0.55986,0.0017951,0.12516,0.11370,0.00,0.00,0.00,0.00,0.00,0.00,0.00,0.00,0.00
 0.0128815,0.72293,0.0064846,0.12885,0.12885,0.00,0.00,0.00,0.00,0.00,0.00,0.00,0.00,0.00
 0.0058522,0.70805,0.0121168,0.13699,0.13699,0.00,0.00,0.00,0.00,0.00,0.00,0.00,0.00,0.00
 sum over row  1 is :   1.0002312660
 sum over row  2 is :   1.0000613928
 sum over row  3 is :   1.0001620054
 sum over row  4 is :   1.0002146959
 sum over row  5 is :   1.0002027750
 sum over row  6 is :   0.9999994040
 sum over row  7 is :   1.0000457764
 sum over row  8 is :   1.0000677109
 sum over row  9 is :   1.0000000000
 sum over row 10 is :   1.0000634193
 sum over row 11 is :   1.0000001192
 sum over row 12 is :   1.0001544952
 sum over row 13 is :   1.0000003576
 sum over row 14 is :   0.9999958873
