# zone viewfactors and MRT sensor definition of corridor
# defined in ../zones/corridor.vwf
*VIEWFACTORS
*GEOM  ../zones/corridor.geo
   0  14   2    # no sensors, zone surfs, zone no
# Zone viewfactors follow
 0.00,0.35590,0.0258647,0.13112,0.13113,0.0013617,0.0011804,0.0016983,0.0105363,0.0116517,0.12579,0.15128,0.0511384,0.0014162
 0.0579728,0.00,0.0581077,0.12563,0.12565,0.0765626,0.0301745,0.0275786,0.17502,0.0275945,0.0770987,0.0303993,0.17506,0.0132488
 0.0258647,0.35601,0.00,0.13112,0.13113,0.12570,0.15132,0.0110524,0.0509275,0.0030447,0.0020527,0.0009305,0.0097379,0.0011660
 0.0637109,0.37682,0.0642126,0.00,0.11847,0.0417905,0.0251338,0.0249858,0.0926193,0.0252264,0.0418486,0.0251970,0.0923419,0.0077039
 0.0637109,0.37682,0.0642126,0.11847,0.00,0.0478034,0.0191207,0.0249854,0.0926178,0.0252260,0.0478699,0.0191756,0.0923404,0.0077039
 0.0028566,0.60106,0.16088,0.10976,0.12544,0.00,0.00,0.00,0.00,0.00,0.00,0.00,0.00,0.00
 0.0019692,0.43534,0.34432,0.13392,0.0845390,0.00,0.00,0.00,0.00,0.00,0.00,0.00,0.00,0.00
 0.0067056,0.60007,0.0365321,0.17839,0.17839,0.00,0.00,0.00,0.00,0.00,0.00,0.00,0.00,0.00
 0.0064845,0.70678,0.0341907,0.12627,0.12627,0.00,0.00,0.00,0.00,0.00,0.00,0.00,0.00,0.00
 0.0362284,0.59983,0.0067056,0.17866,0.17866,0.00,0.00,0.00,0.00,0.00,0.00,0.00,0.00,0.00
 0.16088,0.60106,0.0028565,0.10976,0.12544,0.00,0.00,0.00,0.00,0.00,0.00,0.00,0.00,0.00
 0.34292,0.43650,0.0019692,0.13401,0.0846967,0.00,0.00,0.00,0.00,0.00,0.00,0.00,0.00,0.00
 0.0341906,0.70678,0.0064846,0.12627,0.12627,0.00,0.00,0.00,0.00,0.00,0.00,0.00,0.00,0.00
 0.0121168,0.70350,0.0121168,0.13613,0.13613,0.00,0.00,0.00,0.00,0.00,0.00,0.00,0.00,0.00
 sum over row  1 is :   1.0000669956
 sum over row  2 is :   1.0001001358
 sum over row  3 is :   1.0000665188
 sum over row  4 is :   1.0000609159
 sum over row  5 is :   1.0000602007
 sum over row  6 is :   1.0000003576
 sum over row  7 is :   1.0000938177
 sum over row  8 is :   1.0000901222
 sum over row  9 is :   1.0000002384
 sum over row 10 is :   1.0000900030
 sum over row 11 is :   1.0000001192
 sum over row 12 is :   1.0000938177
 sum over row 13 is :   1.0000002384
 sum over row 14 is :   0.9999963045
