# zone viewfactors and MRT sensor definition of manager_a
# defined in ../zones/manager_a.vwf
*VIEWFACTORS
*GEOM  ../zones/manager_a.geo
   1  20   1    # no sensors, zone surfs, zone no
# Zone viewfactors follow
 0.00,0.0038338,0.0125947,0.0498076,0.11868,0.11867,0.0953469,0.0503030,0.19412,0.0154920,0.0060001,0.0051451,0.0857903,0.00,0.00,0.0822872,0.0595825,0.0214239,0.0595825,0.0214239
 0.0083548,0.00,0.00,0.0969028,0.0119830,0.0119830,0.0324503,0.0081497,0.0711319,0.00,0.00,0.0092305,0.0369696,0.0238294,0.28723,0.0104286,0.0333766,0.16235,0.0333766,0.16235
 0.0166834,0.00,0.00,0.24362,0.0129972,0.0119823,0.0338310,0.0106822,0.0698581,0.00,0.00,0.0055481,0.0322103,0.0418694,0.0795711,0.0095180,0.0362859,0.18728,0.0362074,0.17195
 0.0249929,0.0160873,0.0933905,0.00,0.0092909,0.0092909,0.0149770,0.0043085,0.0330523,0.0611532,0.0843216,0.00,0.00,0.0617388,0.16055,0.00,0.0351552,0.17832,0.0351552,0.17831
 0.11818,0.0025468,0.0102216,0.0177729,0.00,0.0825981,0.0187033,0.0608065,0.26047,0.0204979,0.0049103,0.0028776,0.0590321,0.0603921,0.0208852,0.11934,0.0840885,0.0567587,0.00,0.00
 0.11818,0.0025468,0.0101320,0.0177729,0.0825981,0.00,0.24678,0.0181578,0.0750592,0.0204979,0.0049999,0.0028776,0.0590321,0.0603921,0.0208852,0.11934,0.00,0.00,0.0840882,0.0567588
 0.10539,0.0115900,0.0283285,0.0322439,0.0189429,0.27242,0.00,0.00,0.00,0.0557624,0.0143243,0.0047012,0.0647509,0.0643503,0.0365201,0.10473,0.0683237,0.0204163,0.0495506,0.0477425
 0.10239,0.0115198,0.0287821,0.0321463,0.23362,0.0637215,0.00,0.00,0.00,0.0575118,0.0143554,0.0049965,0.0651259,0.0647730,0.0374568,0.10165,0.0668085,0.0448513,0.0431056,0.0272827
 0.10860,0.0124855,0.0284709,0.0356317,0.14716,0.0438412,0.00,0.00,0.00,0.0585249,0.0173228,0.0057191,0.0758675,0.0757023,0.0420542,0.10880,0.0708286,0.0482932,0.0828304,0.0379495
 0.0108805,0.00,0.00,0.0857338,0.0114361,0.0114361,0.0333457,0.0134302,0.0701349,0.00,0.00,0.0058787,0.0413143,0.0312402,0.24566,0.0164133,0.0370688,0.17453,0.0370685,0.17453
 0.0105353,0.00,0.00,0.40652,0.0115574,0.0115574,0.0312116,0.0119722,0.0656149,0.00,0.00,0.0042572,0.0099087,0.0377500,0.0492575,0.0012308,0.0300528,0.14430,0.0300528,0.14430
 0.0405096,0.0121115,0.0313959,0.00,0.0196956,0.0196956,0.0273076,0.0094814,0.0585203,0.0657567,0.0060323,0.00,0.00,0.10119,0.14027,0.00,0.0945385,0.13952,0.0945399,0.13952
 0.0624154,0.0084523,0.0174855,0.00,0.0438678,0.0438678,0.0432997,0.0109808,0.10064,0.0454844,0.0040734,0.00,0.00,0.10837,0.10299,0.00,0.14091,0.0631643,0.14091,0.0631643
 0.00,0.0042785,0.0224187,0.0935158,0.0443358,0.0443359,0.0425527,0.0120854,0.10005,0.0363316,0.0127028,0.0108485,0.10837,0.00,0.00,0.0614556,0.14091,0.0624874,0.14091,0.0624873
 0.00,0.0322711,0.0269927,0.14864,0.0098549,0.0098548,0.0156085,0.0040178,0.0350589,0.17513,0.0105840,0.0098293,0.0640259,0.00,0.00,0.0269909,0.0396531,0.17596,0.0396530,0.17596
 0.0822872,0.0017102,0.0076268,0.00,0.11868,0.11867,0.0959517,0.0493928,0.19533,0.0255942,0.0029632,0.00,0.00,0.0827126,0.0557791,0.00,0.0604185,0.0212751,0.0604184,0.0212750
 0.0445045,0.0066644,0.0200247,0.0511539,0.0630175,0.00,0.0447056,0.0155281,0.0935450,0.0397844,0.0098749,0.0103562,0.14098,0.14045,0.0627152,0.0436773,0.00,0.00,0.10870,0.10441
 0.0096220,0.0260891,0.0675617,0.16546,0.0272659,0.00,0.0089387,0.0053358,0.0407747,0.12407,0.0274842,0.0097146,0.0389117,0.0396818,0.17538,0.0094389,0.00,0.00,0.0652338,0.15912
 0.0445045,0.0066644,0.0209689,0.0511539,0.00,0.0630178,0.0310997,0.0108721,0.11180,0.0397845,0.0089307,0.0103562,0.14098,0.14045,0.0627152,0.0436773,0.10870,0.10441,0.00,0.00
 0.0096220,0.0260890,0.0629247,0.16546,0.00,0.0272658,0.0193792,0.0040529,0.0316170,0.12407,0.0321211,0.0097147,0.0389116,0.0396818,0.17538,0.0094389,0.0652344,0.15912,0.00,0.00
 sum over row  1 is :   1.0000852346
 sum over row  2 is :   1.0000917912
 sum over row  3 is :   1.0000953674
 sum over row  4 is :   1.0000904799
 sum over row  5 is :   1.0000840425
 sum over row  6 is :   1.0000952482
 sum over row  7 is :   1.0000919104
 sum over row  8 is :   1.0000926256
 sum over row  9 is :   1.0000780821
 sum over row 10 is :   1.0000929832
 sum over row 11 is :   1.0000846386
 sum over row 12 is :   1.0000841618
 sum over row 13 is :   1.0000861883
 sum over row 14 is :   1.0000859499
 sum over row 15 is :   1.0000902414
 sum over row 16 is :   1.0000845194
 sum over row 17 is :   1.0000861883
 sum over row 18 is :   1.0000903606
 sum over row 19 is :   1.0000854731
 sum over row 20 is :   1.0000884533
*MRT_SENSOR
# OK, Xorig, Yorig, Zorig,   DX,    DY,    DZ,   rot,  name
   1  1.500  1.500  1.000  0.300  0.300  0.500    0.0  sen_1    # sensor  1
*MRTVIEW
 0.10614,0.00,0.00,0.00,0.0699003,0.11410,0.16226,0.0292398,0.34598,0.00,0.00,0.00,0.0204133,0.0249349,0.00,0.0756458,0.0331863,0.00,0.0182990,0.00
 0.13015,0.0070159,0.00,0.00,0.0160975,0.0254246,0.0215860,0.0075604,0.0424911,0.0136711,0.00,0.00,0.00,0.41416,0.15812,0.00,0.0747445,0.0284686,0.0393288,0.0212803
 0.00,0.0335274,0.0723091,0.13036,0.00,0.00,0.00,0.00,0.00,0.14756,0.0250357,0.0062458,0.0218543,0.0302358,0.16786,0.00,0.0369659,0.17661,0.0211811,0.13035
 0.00,0.0037777,0.0109518,0.12672,0.0230206,0.0313824,0.0281752,0.0102770,0.0576070,0.00,0.0172964,0.0280613,0.33017,0.00,0.00,0.11913,0.0941154,0.0384239,0.0497679,0.0312107
 0.0310343,0.0027639,0.0086720,0.0269565,0.12101,0.00,0.00,0.0134060,0.0837708,0.0173440,0.0037183,0.0047402,0.0561645,0.0774390,0.0387308,0.0237948,0.00,0.00,0.33237,0.15818
 0.0175243,0.0013465,0.0039475,0.0157519,0.00,0.13161,0.0553385,0.00,0.00,0.0078951,0.0018285,0.0020032,0.0310797,0.0512338,0.0213959,0.0131604,0.50063,0.14535,0.00,0.00
