*viewfactors            # zone viewfactors and MRT sensors for main
*geom  ../zones/main.geo
   0  13   1            # number of mrt sensors & zone surfaces, zone index
# Zone viewfactors follow:
 0.00,0.1216,0.040700,0.003600,0.009900,0.097600,0.3691,0.3527,0.00,0.00,0.002000,0.001400,0.001400
 0.080900,0.00,0.092200,0.00,0.000100,0.075100,0.3595,0.3595,0.005500,0.027000,0.00,0.00,0.000400
 0.047200,0.1705,0.00,0.00,0.00,0.035300,0.3569,0.3569,0.006800,0.026600,0.00,0.00,0.00
 0.002900,0.00,0.00,0.00,0.077900,0.1852,0.3386,0.3386,0.002400,0.000500,0.046900,0.00,0.007200
 0.016500,0.000500,0.00,0.1620,0.00,0.1564,0.3337,0.3106,0.006200,0.006500,0.00,0.007700,0.00
 0.034300,0.045100,0.010100,0.066800,0.033300,0.00,0.3713,0.3713,0.024900,0.011300,0.008300,0.010400,0.012800
 0.039300,0.072700,0.061500,0.037200,0.018500,0.1197,0.00,0.5972,0.011100,0.024700,0.007800,0.005200,0.005200
 0.040000,0.072700,0.061500,0.037500,0.018900,0.1197,0.5972,0.00,0.010200,0.024900,0.007500,0.004900,0.005100
 0.00,0.024000,0.025800,0.007700,0.014400,0.2520,0.3019,0.3638,0.00,0.00,0.004000,0.002300,0.004100
 0.00,0.091800,0.048300,0.00,0.008900,0.062300,0.3958,0.3870,0.00,0.00,0.003400,0.00,0.002500
 0.015500,0.00,0.00,0.2306,0.00,0.1002,0.2808,0.3518,0.006200,0.008700,0.00,0.006200,0.00
 0.004700,0.00,0.00,0.00,0.028100,0.2238,0.3296,0.3970,0.003100,0.000700,0.006400,0.00,0.006700
 0.019200,0.002300,0.00,0.059500,0.00,0.3050,0.2849,0.3027,0.008800,0.010000,0.00,0.007800,0.00
 sum over row   1 is :   1.00000000
 sum over row   2 is :   1.00020003
 sum over row   3 is :   1.00019991
 sum over row   4 is :   1.00019991
 sum over row   5 is :   1.00010002
 sum over row   6 is :   0.99990010
 sum over row   7 is :   1.00010002
 sum over row   8 is :   1.00010002
 sum over row   9 is :   1.00000000
 sum over row  10 is :   1.00000000
 sum over row  11 is :   1.00000000
 sum over row  12 is :   1.00010002
 sum over row  13 is :   1.00020003
