# zone viewfactors and MRT sensor definition of main
# defined in ../zones/main.vwf
*VIEWFACTORS
*GEOM  ../zones/main.geo
   0  13   1    # no sensors, zone surfs, zone no
# Zone viewfactors follow
 0.0000 0.1216 0.0407 0.0036 0.0099 0.0976 0.3691 0.3527 0.0000 0.0000 0.0020 0.0014 0.0014
 0.0809 0.0000 0.0922 0.0000 0.0001 0.0751 0.3595 0.3595 0.0055 0.0270 0.0000 0.0000 0.0004
 0.0472 0.1705 0.0000 0.0000 0.0000 0.0353 0.3569 0.3569 0.0068 0.0266 0.0000 0.0000 0.0000
 0.0029 0.0000 0.0000 0.0000 0.0779 0.1852 0.3386 0.3386 0.0024 0.0005 0.0469 0.0000 0.0072
 0.0165 0.0005 0.0000 0.1620 0.0000 0.1564 0.3337 0.3106 0.0062 0.0065 0.0000 0.0077 0.0000
 0.0343 0.0451 0.0101 0.0668 0.0333 0.0000 0.3713 0.3713 0.0249 0.0113 0.0083 0.0104 0.0128
 0.0393 0.0727 0.0615 0.0372 0.0185 0.1197 0.0000 0.5972 0.0111 0.0247 0.0078 0.0052 0.0052
 0.0400 0.0727 0.0615 0.0375 0.0189 0.1197 0.5972 0.0000 0.0102 0.0249 0.0075 0.0049 0.0051
 0.0000 0.0240 0.0258 0.0077 0.0144 0.2520 0.3019 0.3638 0.0000 0.0000 0.0040 0.0023 0.0041
 0.0000 0.0918 0.0483 0.0000 0.0089 0.0623 0.3958 0.3870 0.0000 0.0000 0.0034 0.0000 0.0025
 0.0155 0.0000 0.0000 0.2306 0.0000 0.1002 0.2808 0.3518 0.0062 0.0087 0.0000 0.0062 0.0000
 0.0047 0.0000 0.0000 0.0000 0.0281 0.2238 0.3296 0.3970 0.0031 0.0007 0.0064 0.0000 0.0067
 0.0192 0.0023 0.0000 0.0595 0.0000 0.3050 0.2849 0.3027 0.0088 0.0100 0.0000 0.0078 0.0000
 sum over row  1 is :   1.0000904799
 sum over row  2 is :   1.0000865459
 sum over row  3 is :   1.0000860691
 sum over row  4 is :   1.0000858307
 sum over row  5 is :   1.0000902414
 sum over row  6 is :   1.0000846386
 sum over row  7 is :   1.0000952482
 sum over row  8 is :   1.0000950098
 sum over row  9 is :   1.0000872612
 sum over row 10 is :   1.0000833273
 sum over row 11 is :   1.0000883341
 sum over row 12 is :   1.0000833273
 sum over row 13 is :   1.0000900030
